<OBJECT>Planet
<OBJECT-NAME>Earth
<OBJECT-DATE>2021/06/17 06:15
<OBJECT-DIAMETER>12742
<OBJECT-GRAVITY>9.807
<OBJECT-GRAVITY-UNIT>g
<OBJECT-STAR-DISTANCE>1.01597
<OBJECT-STAR-VELOCITY>0.13346
<OBJECT-SOLAR-LONGITUDE>86.5
<OBJECT-SOLAR-LATITUDE>23.53
<OBJECT-SEASON>87.5
<OBJECT-STAR-TYPE>G
<OBJECT-STAR-TEMPERATURE>5777
<OBJECT-STAR-RADIUS>1.0
<OBJECT-OBS-LONGITUDE>204.53
<OBJECT-OBS-LATITUDE>19.82
<OBJECT-OBS-VELOCITY>0.000
<OBJECT-PERIOD>1.00015
<GEOMETRY>Lookingup
<GEOMETRY-OFFSET-NS>0.0
<GEOMETRY-OFFSET-EW>0.0
<GEOMETRY-OFFSET-UNIT>arcsec
<GEOMETRY-OBS-ALTITUDE>12.50
<GEOMETRY-ALTITUDE-UNIT>km
<GEOMETRY-USER-PARAM>0
<GEOMETRY-STELLAR-TYPE>G
<GEOMETRY-STELLAR-TEMPERATURE>5777
<GEOMETRY-STELLAR-MAGNITUDE>0
<GEOMETRY-SOLAR-ANGLE>105.677
<GEOMETRY-OBS-ANGLE>0.000
<GEOMETRY-PLANET-FRACTION>0.000000e+00
<GEOMETRY-STAR-DISTANCE>-1.000000e+00
<GEOMETRY-STAR-FRACTION>0.000000e+00
<GEOMETRY-REF>Maunakea (Keck)
<GEOMETRY-DISK-ANGLES>1
<GEOMETRY-ROTATION>0.00,0.00
<ATMOSPHERE-DESCRIPTION>Earth at 4084 m, NASA/MERRA2 2017/09/14
<ATMOSPHERE-STRUCTURE>Equilibrium
<ATMOSPHERE-WEIGHT>28.97
<ATMOSPHERE-PRESSURE>5.8546e-01
<ATMOSPHERE-PUNIT>bar
<ATMOSPHERE-NGAS>8
<ATMOSPHERE-GAS>H2O,CO2,O3,N2O,CO,CH4,O2,N2
<ATMOSPHERE-TYPE>HIT[1],HIT[2],HIT[3],HIT[4],HIT[5],HIT[6],HIT[7],HIT[22]
<ATMOSPHERE-ABUN>1,1,1,1,1,1,1,1
<ATMOSPHERE-UNIT>scl,scl,scl,scl,scl,scl,scl,scl
<ATMOSPHERE-LAYERS-MOLECULES>H2O,CO2,O3,N2O,CO,CH4,O2,NO,SO2,NO2,NH3,HNO3,OH,HF,HCl,HBr,HI,ClO,OCS,H2CO,HOCl,N2,HCN,CH3Cl,H2O2,C2H2,C2H6,PH3,WaterIce
<ATMOSPHERE-LAYERS>53
<ATMOSPHERE-LAYER-1>5.8546e-01,2.7545e+02,3.5004e-03,3.7950e-04,4.1488e-08,3.2000e-07,1.3070e-07,1.7000e-06,2.0900e-01,3.0000e-10,1.3039e-10,2.3000e-11,2.4103e-10,9.3569e-11,0.0000e+00,0.0000e+00,2.7432e-10,1.7000e-12,3.0000e-12,0.0000e+00,5.5812e-10,1.1764e-10,8.8023e-12,7.8100e-01,1.6000e-10,6.0423e-10,1.8011e-10,4.4675e-11,1.9634e-09,0.0000e+00,0.0000e+00
<ATMOSPHERE-LAYER-2>5.5724e-01,2.7336e+02,2.5388e-03,3.7950e-04,4.3865e-08,3.2000e-07,1.3020e-07,1.7000e-06,2.0900e-01,3.0000e-10,1.1780e-10,2.3000e-11,2.0369e-10,9.8296e-11,0.0000e+00,0.0000e+00,2.3824e-10,1.7000e-12,3.0000e-12,0.0000e+00,5.5478e-10,1.0010e-10,7.9675e-12,7.8100e-01,1.6000e-10,6.0219e-10,1.7631e-10,3.9822e-11,1.9467e-09,0.0000e+00,0.0000e+00
<ATMOSPHERE-LAYER-3>5.2262e-01,2.7196e+02,1.2802e-03,3.7950e-04,4.9423e-08,3.2000e-07,1.2949e-07,1.7000e-06,2.0900e-01,3.0000e-10,1.0660e-10,2.3000e-11,1.7211e-10,1.0471e-10,0.0000e+00,0.0000e+00,2.0610e-10,1.7000e-12,3.0000e-12,0.0000e+00,5.5123e-10,8.5955e-11,7.1416e-12,7.8100e-01,1.6000e-10,6.0092e-10,1.7105e-10,3.5530e-11,1.9230e-09,0.0000e+00,0.0000e+00
<ATMOSPHERE-LAYER-4>4.8795e-01,2.6800e+02,1.0799e-03,3.7950e-04,5.3934e-08,3.2000e-07,1.2819e-07,1.6998e-06,2.0900e-01,3.0000e-10,9.6693e-11,2.3000e-11,1.4289e-10,1.1222e-10,0.0000e+00,0.0000e+00,1.7629e-10,1.7000e-12,3.0000e-12,0.0000e+00,5.4728e-10,7.4470e-11,6.4020e-12,7.8100e-01,1.6000e-10,6.0023e-10,1.6398e-10,3.2035e-11,1.8962e-09,0.0000e+00,0.0000e+00
<ATMOSPHERE-LAYER-5>4.5322e-01,2.6378e+02,7.2490e-04,3.7950e-04,5.6357e-08,3.2000e-07,1.2617e-07,1.6994e-06,2.0900e-01,3.0000e-10,8.7968e-11,2.3000e-11,1.1483e-10,1.2050e-10,0.0000e+00,0.0000e+00,1.4819e-10,1.7000e-12,3.0000e-12,0.0000e+00,5.4288e-10,6.5294e-11,5.7716e-12,7.8100e-01,1.6000e-10,6.0000e-10,1.5503e-10,2.9379e-11,1.8680e-09,0.0000e+00,0.0000e+00
<ATMOSPHERE-LAYER-6>4.1842e-01,2.5981e+02,3.5220e-04,3.7950e-04,5.8309e-08,3.2000e-07,1.2310e-07,1.6985e-06,2.0900e-01,3.0000e-10,8.0301e-11,2.3000e-11,8.9922e-11,1.2907e-10,0.0000e+00,0.0000e+00,1.2383e-10,1.7000e-12,3.0000e-12,0.0000e+00,5.3802e-10,5.7838e-11,5.2432e-12,7.8100e-01,1.6000e-10,5.9946e-10,1.4210e-10,2.7404e-11,1.8349e-09,0.0000e+00,0.0000e+00
<ATMOSPHERE-LAYER-7>3.8352e-01,2.5538e+02,2.7030e-04,3.7950e-04,5.6857e-08,3.1993e-07,1.1869e-07,1.6969e-06,2.0900e-01,3.0000e-10,7.3684e-11,2.3026e-11,6.8157e-11,1.3778e-10,0.0000e+00,0.0000e+00,1.0328e-10,1.7000e-12,3.0000e-12,0.0000e+00,5.3291e-10,5.1325e-11,4.8239e-12,7.8100e-01,1.6000e-10,5.9793e-10,1.2431e-10,2.5867e-11,1.7944e-09,0.0000e+00,0.0000e+00
<ATMOSPHERE-LAYER-8>3.4851e-01,2.5008e+02,2.5476e-04,3.7950e-04,5.3753e-08,3.1962e-07,1.1292e-07,1.6943e-06,2.0900e-01,3.0000e-10,6.8279e-11,2.3149e-11,4.8201e-11,1.4779e-10,0.0000e+00,0.0000e+00,8.4716e-11,1.7000e-12,3.0000e-12,0.0000e+00,5.2779e-10,4.5410e-11,4.5410e-12,7.8100e-01,1.6000e-10,5.9545e-10,1.0280e-10,2.4607e-11,1.7425e-09,0.0000e+00,0.0000e+00
<ATMOSPHERE-LAYER-9>3.0771e-01,2.4304e+02,2.5746e-04,3.7950e-04,4.5739e-08,3.1857e-07,1.0452e-07,1.6889e-06,2.0900e-01,3.0000e-10,6.3341e-11,2.3599e-11,2.8984e-11,1.6351e-10,0.0000e+00,0.0000e+00,6.6120e-11,1.7000e-12,3.0000e-12,0.0000e+00,5.2143e-10,3.9507e-11,4.3988e-12,7.8100e-01,1.6000e-10,5.9086e-10,7.4236e-11,2.3317e-11,1.6408e-09,0.0000e+00,4.9258e-09
<ATMOSPHERE-LAYER-10>2.6385e-01,2.3461e+02,1.7700e-04,3.7950e-04,4.7758e-08,3.1566e-07,9.3828e-08,1.6792e-06,2.0900e-01,3.0000e-10,5.9195e-11,2.5269e-11,1.4990e-11,1.9016e-10,0.0000e+00,0.0000e+00,5.0963e-11,1.7000e-12,3.0000e-12,0.0000e+00,5.1279e-10,3.5235e-11,4.5172e-12,7.8100e-01,1.6000e-10,5.8270e-10,4.4422e-11,2.1548e-11,1.4164e-09,0.0000e+00,6.9936e-08
<ATMOSPHERE-LAYER-11>2.2551e-01,2.2572e+02,1.3956e-04,3.7950e-04,4.7378e-08,3.1115e-07,8.2271e-08,1.6667e-06,2.0900e-01,2.9998e-10,5.6741e-11,2.9666e-11,7.9807e-12,2.2643e-10,0.0000e+00,1.6806e-12,4.4927e-11,1.7000e-12,3.0000e-12,0.0000e+00,5.0194e-10,3.4081e-11,4.8736e-12,7.8100e-01,1.5998e-10,5.7067e-10,2.4965e-11,1.8709e-11,1.1013e-09,0.0000e+00,1.8708e-07
<ATMOSPHERE-LAYER-12>1.9234e-01,2.1743e+02,7.9334e-05,3.7950e-04,4.7079e-08,3.0637e-07,6.8530e-08,1.6507e-06,2.0900e-01,2.9932e-10,5.5937e-11,4.0218e-11,4.1762e-12,2.6442e-10,0.0000e+00,2.7330e-12,5.7962e-11,1.7000e-12,3.0000e-12,0.0000e+00,4.8730e-10,3.4634e-11,5.1509e-12,7.8100e-01,1.5933e-10,5.5398e-10,1.3710e-11,1.4057e-11,8.0982e-10,0.0000e+00,3.1816e-07
<ATMOSPHERE-LAYER-13>1.6366e-01,2.1049e+02,4.6344e-05,3.7950e-04,4.3719e-08,3.0134e-07,5.4225e-08,1.6316e-06,2.0900e-01,2.9618e-10,5.6253e-11,6.5871e-11,1.7023e-12,3.1620e-10,0.0000e+00,4.1780e-12,9.0421e-11,1.7000e-12,3.0000e-12,0.0000e+00,4.6648e-10,3.5846e-11,5.4880e-12,7.8100e-01,1.5759e-10,5.3389e-10,7.8307e-12,8.7876e-12,5.6260e-10,0.0000e+00,2.3842e-07
<ATMOSPHERE-LAYER-14>1.3912e-01,2.0601e+02,1.0782e-05,3.7950e-04,7.2494e-08,2.9603e-07,4.2624e-08,1.6112e-06,2.0900e-01,2.8656e-10,5.7174e-11,1.4248e-10,0.0000e+00,4.1672e-10,0.0000e+00,6.3577e-12,1.4462e-10,1.7000e-12,3.0000e-12,0.0000e+00,4.3608e-10,3.6200e-11,6.4865e-12,7.8100e-01,1.5559e-10,5.1041e-10,4.9085e-12,5.3501e-12,3.8273e-10,0.0000e+00,1.5045e-25
<ATMOSPHERE-LAYER-15>1.1825e-01,2.0163e+02,8.0417e-06,3.7950e-04,1.0259e-07,2.9001e-07,3.3700e-08,1.5899e-06,2.0900e-01,2.7318e-10,5.7500e-11,2.6790e-10,0.0000e+00,6.3861e-10,0.0000e+00,9.3227e-12,2.1145e-10,1.7000e-12,3.0000e-12,0.0000e+00,4.0112e-10,3.5938e-11,8.1106e-12,7.8100e-01,1.5304e-10,4.8598e-10,3.3750e-12,3.2563e-12,2.5577e-10,0.0000e+00,1.6829e-33
<ATMOSPHERE-LAYER-16>1.0051e-01,1.9860e+02,6.4843e-06,3.7950e-04,1.8218e-07,2.8200e-07,2.7174e-08,1.5644e-06,2.0900e-01,2.5830e-10,5.5197e-11,4.4023e-10,0.0000e+00,1.0843e-09,0.0000e+00,1.4379e-11,2.8307e-10,1.7000e-12,3.0000e-12,0.0000e+00,3.6375e-10,3.5315e-11,1.0728e-11,7.8100e-01,1.5018e-10,4.6003e-10,2.5521e-12,1.9596e-12,1.7460e-10,0.0000e+00,0.0000e+00
<ATMOSPHERE-LAYER-17>8.5439e-02,1.9937e+02,5.8252e-06,3.7950e-04,3.2822e-07,2.7205e-07,2.1971e-08,1.5351e-06,2.0900e-01,2.4530e-10,5.0407e-11,6.5966e-10,0.0000e+00,1.7565e-09,0.0000e+00,2.1812e-11,3.5319e-10,1.7000e-12,3.0000e-12,0.0000e+00,3.2623e-10,3.4553e-11,1.4400e-11,7.8100e-01,1.4677e-10,4.3337e-10,2.2665e-12,1.1665e-12,1.2444e-10,0.0000e+00,0.0000e+00
<ATMOSPHERE-LAYER-18>7.2558e-02,2.0046e+02,5.1901e-06,3.7950e-04,5.9448e-07,2.5968e-07,1.7510e-08,1.4999e-06,2.0900e-01,2.4206e-10,4.3623e-11,9.2001e-10,0.0000e+00,2.6566e-09,0.0000e+00,3.3176e-11,4.1439e-10,1.7000e-12,3.0000e-12,1.5556e-12,2.9095e-10,3.4045e-11,1.9548e-11,7.8100e-01,1.4294e-10,4.0759e-10,2.4669e-12,0.0000e+00,9.1903e-11,0.0000e+00,0.0000e+00
<ATMOSPHERE-LAYER-19>6.1496e-02,2.0293e+02,4.8985e-06,3.7950e-04,7.4559e-07,2.4451e-07,1.4388e-08,1.4517e-06,2.0900e-01,2.4956e-10,3.5758e-11,1.2268e-09,0.0000e+00,3.6905e-09,0.0000e+00,4.9044e-11,4.6575e-10,1.7000e-12,3.0000e-12,3.3540e-12,2.5732e-10,3.4102e-11,2.6694e-11,7.8100e-01,1.3898e-10,3.8186e-10,3.1854e-12,0.0000e+00,6.9745e-11,0.0000e+00,0.0000e+00
<ATMOSPHERE-LAYER-20>5.2016e-02,2.0718e+02,4.7259e-06,3.7950e-04,1.5094e-06,2.2748e-07,1.2788e-08,1.3876e-06,2.0900e-01,2.6661e-10,2.9157e-11,1.5852e-09,0.0000e+00,4.5904e-09,0.0000e+00,6.8251e-11,5.0641e-10,1.7000e-12,3.0000e-12,6.4917e-12,2.2676e-10,3.5619e-11,3.7136e-11,7.8100e-01,1.3542e-10,3.5528e-10,4.7034e-12,0.0000e+00,5.2503e-11,0.0000e+00,0.0000e+00
<ATMOSPHERE-LAYER-21>4.3910e-02,2.1091e+02,4.6988e-06,3.7950e-04,2.2421e-06,2.1116e-07,1.2320e-08,1.3072e-06,2.0900e-01,2.9428e-10,2.4453e-11,1.9904e-09,0.0000e+00,5.2396e-09,0.0000e+00,8.9971e-11,5.3755e-10,1.7000e-12,3.0000e-12,9.6191e-12,1.9902e-10,3.8816e-11,5.1369e-11,7.8100e-01,1.3170e-10,3.2802e-10,8.3161e-12,0.0000e+00,3.8960e-11,0.0000e+00,0.0000e+00
<ATMOSPHERE-LAYER-22>3.6993e-02,2.1351e+02,4.7359e-06,3.7950e-04,3.0752e-06,1.9954e-07,1.2817e-08,1.2184e-06,2.0900e-01,3.4210e-10,2.1409e-11,2.4381e-09,0.0000e+00,5.6454e-09,0.0000e+00,1.1489e-10,5.6622e-10,1.7000e-12,3.0000e-12,1.3680e-11,1.7211e-10,4.3413e-11,7.0117e-11,7.8100e-01,1.2669e-10,2.9647e-10,1.6525e-11,0.0000e+00,2.8702e-11,0.0000e+00,0.0000e+00
<ATMOSPHERE-LAYER-23>3.1089e-02,2.1535e+02,4.8436e-06,3.7950e-04,4.0774e-06,1.8950e-07,1.3797e-08,1.1339e-06,2.0900e-01,4.3118e-10,1.9370e-11,2.9555e-09,0.0000e+00,5.8182e-09,1.0727e-12,1.4412e-10,5.9768e-10,1.7000e-12,3.0000e-12,2.0832e-11,1.4288e-10,4.9380e-11,9.4256e-11,7.8100e-01,1.2031e-10,2.5628e-10,3.3232e-11,0.0000e+00,2.0446e-11,0.0000e+00,0.0000e+00
<ATMOSPHERE-LAYER-24>2.6049e-02,2.1756e+02,4.9507e-06,3.7950e-04,5.3731e-06,1.7657e-07,1.5112e-08,1.0601e-06,2.0900e-01,6.6600e-10,1.7622e-11,3.6848e-09,0.0000e+00,5.6287e-09,2.0972e-12,1.7940e-10,6.4718e-10,1.7092e-12,3.0000e-12,3.8295e-11,1.1035e-10,5.7583e-11,1.2842e-10,7.8100e-01,1.1349e-10,1.9563e-10,5.9970e-11,0.0000e+00,1.2744e-11,0.0000e+00,0.0000e+00
<ATMOSPHERE-LAYER-25>2.1761e-02,2.2046e+02,5.0594e-06,3.7950e-04,6.6344e-06,1.6740e-07,1.6191e-08,1.0218e-06,2.0900e-01,9.7542e-10,1.6475e-11,4.2623e-09,0.0000e+00,5.2244e-09,3.5565e-12,2.0543e-10,6.9981e-10,1.7344e-12,3.0000e-12,6.1714e-11,8.7988e-11,6.4985e-11,1.5687e-10,7.8100e-01,1.0910e-10,1.5146e-10,8.2012e-11,0.0000e+00,9.0468e-12,0.0000e+00,0.0000e+00
<ATMOSPHERE-LAYER-26>1.8124e-02,2.2321e+02,5.1212e-06,3.7950e-04,7.6227e-06,1.5983e-07,1.7097e-08,9.9117e-07,2.0900e-01,1.2435e-09,1.5529e-11,4.7444e-09,0.0000e+00,4.8684e-09,4.8272e-12,2.2706e-10,7.4487e-10,1.7569e-12,3.0000e-12,8.2037e-11,6.9512e-11,7.1248e-11,1.8075e-10,7.8100e-01,1.0549e-10,1.1496e-10,1.0049e-10,0.0000e+00,6.1358e-12,0.0000e+00,0.0000e+00
<ATMOSPHERE-LAYER-27>1.5050e-02,2.2532e+02,5.2014e-06,3.7950e-04,8.7317e-06,1.5063e-07,1.8517e-08,9.5213e-07,2.0900e-01,1.8358e-09,1.4450e-11,5.4514e-09,0.0000e+00,4.3069e-09,8.1831e-12,2.5518e-10,8.6359e-10,1.8265e-12,3.0000e-12,1.3240e-10,4.9232e-11,7.9321e-11,2.1298e-10,7.8100e-01,1.0134e-10,8.0165e-11,1.1868e-10,0.0000e+00,4.0297e-12,0.0000e+00,0.0000e+00
<ATMOSPHERE-LAYER-28>1.2460e-02,2.2764e+02,5.3023e-06,3.7950e-04,9.0425e-06,1.4242e-07,1.9819e-08,9.1712e-07,2.0900e-01,2.3939e-09,1.3496e-11,6.0953e-09,0.0000e+00,3.7918e-09,1.1379e-11,2.8046e-10,9.7664e-10,1.8933e-12,3.0000e-12,1.8020e-10,3.1392e-11,8.6572e-11,2.4208e-10,7.8100e-01,9.7669e-11,5.0209e-11,1.3442e-10,0.0000e+00,2.3125e-12,0.0000e+00,0.0000e+00
<ATMOSPHERE-LAYER-29>1.0285e-02,2.2919e+02,5.3992e-06,3.7950e-04,9.1452e-06,1.2854e-07,2.1360e-08,8.7009e-07,2.0900e-01,3.5324e-09,1.2723e-11,6.7064e-09,0.0000e+00,3.1415e-09,2.3305e-11,3.0226e-10,1.1400e-09,2.0873e-12,3.0000e-12,2.7451e-10,2.0493e-11,9.4430e-11,2.7154e-10,7.8100e-01,9.3709e-11,3.1952e-11,1.3600e-10,0.0000e+00,1.4682e-12,0.0000e+00,0.0000e+00
<ATMOSPHERE-LAYER-30>8.4564e-03,2.3079e+02,5.4986e-06,3.7950e-04,9.2315e-06,1.1590e-07,2.2716e-08,8.2788e-07,2.0900e-01,4.5959e-09,1.2087e-11,7.2118e-09,0.0000e+00,2.5660e-09,3.5249e-11,3.2071e-10,1.2873e-09,2.2741e-12,3.0000e-12,3.6081e-10,1.1903e-11,1.0125e-10,2.9663e-10,7.8100e-01,9.0254e-11,1.7634e-11,1.3542e-10,0.0000e+00,0.0000e+00,0.0000e+00,0.0000e+00
<ATMOSPHERE-LAYER-31>6.9183e-03,2.3351e+02,5.6102e-06,3.7950e-04,9.1033e-06,1.0140e-07,2.4065e-08,7.7661e-07,2.0900e-01,6.1889e-09,1.1782e-11,7.2545e-09,0.0000e+00,1.9862e-09,6.5462e-11,3.3780e-10,1.4643e-09,2.6159e-12,3.0000e-12,4.5297e-10,7.1488e-12,1.0736e-10,3.1189e-10,7.8100e-01,8.6714e-11,1.1195e-11,1.2138e-10,0.0000e+00,0.0000e+00,0.0000e+00,0.0000e+00
<ATMOSPHERE-LAYER-32>5.6318e-03,2.3572e+02,5.7890e-06,3.7950e-04,8.8115e-06,8.7286e-08,2.5401e-08,7.2818e-07,2.0900e-01,7.6055e-09,1.1706e-11,7.0642e-09,0.0000e+00,1.4978e-09,1.0180e-10,3.5308e-10,1.5954e-09,3.0041e-12,3.0000e-12,5.2895e-10,3.7365e-12,1.1142e-10,3.1740e-10,7.8100e-01,8.3669e-11,6.4358e-12,1.0710e-10,0.0000e+00,0.0000e+00,0.0000e+00,0.0000e+00
<ATMOSPHERE-LAYER-33>4.5617e-03,2.3840e+02,5.9755e-06,3.7950e-04,8.7927e-06,7.1407e-08,2.6945e-08,6.7640e-07,2.0900e-01,8.9586e-09,1.2013e-11,6.4369e-09,0.0000e+00,1.0845e-09,1.5500e-10,3.6784e-10,1.6692e-09,3.5392e-12,3.0000e-12,5.8983e-10,2.0699e-12,1.1265e-10,3.0695e-10,7.8100e-01,8.0963e-11,3.7790e-12,8.9937e-11,0.0000e+00,0.0000e+00,0.0000e+00,0.0000e+00
<ATMOSPHERE-LAYER-34>3.6765e-03,2.4106e+02,6.0967e-06,3.7950e-04,8.2544e-06,5.6417e-08,2.9116e-08,6.1454e-07,2.0900e-01,1.0237e-08,1.2823e-11,5.1846e-09,0.0000e+00,7.5823e-10,2.2546e-10,3.8309e-10,1.7141e-09,4.2783e-12,3.0000e-12,6.0121e-10,1.1520e-12,1.0818e-10,2.7700e-10,7.8100e-01,7.8319e-11,2.2054e-12,7.4780e-11,0.0000e+00,0.0000e+00,0.0000e+00,0.0000e+00
<ATMOSPHERE-LAYER-35>2.9483e-03,2.4556e+02,6.2665e-06,3.7950e-04,7.0769e-06,4.3022e-08,3.1473e-08,5.5155e-07,2.0900e-01,1.1284e-08,1.3947e-11,3.8075e-09,0.0000e+00,4.9939e-10,2.9947e-10,3.9679e-10,1.7424e-09,5.0559e-12,3.0000e-12,5.7562e-10,0.0000e+00,1.0019e-10,2.3795e-10,7.8100e-01,7.5905e-11,1.2660e-12,6.2265e-11,0.0000e+00,0.0000e+00,0.0000e+00,0.0000e+00
<ATMOSPHERE-LAYER-36>2.3526e-03,2.5222e+02,6.5939e-06,3.7950e-04,5.6907e-06,3.0673e-08,3.4360e-08,4.7978e-07,2.0900e-01,1.1774e-08,1.5979e-11,2.5039e-09,0.0000e+00,3.0244e-10,3.8428e-10,4.0731e-10,1.7564e-09,5.9110e-12,3.0000e-12,4.6208e-10,0.0000e+00,8.3719e-11,1.7908e-10,7.8100e-01,7.3592e-11,0.0000e+00,5.3854e-11,0.0000e+00,0.0000e+00,0.0000e+00,0.0000e+00
<ATMOSPHERE-LAYER-37>1.8679e-03,2.5638e+02,6.7818e-06,3.7950e-04,4.7179e-06,2.1194e-08,3.7697e-08,4.0788e-07,2.0900e-01,1.1791e-08,1.8950e-11,1.6147e-09,0.0000e+00,1.8068e-10,4.6317e-10,4.1599e-10,1.7763e-09,6.5220e-12,3.0000e-12,3.3391e-10,0.0000e+00,6.2458e-11,1.2774e-10,7.8100e-01,7.1367e-11,0.0000e+00,4.7725e-11,0.0000e+00,0.0000e+00,0.0000e+00,0.0000e+00
<ATMOSPHERE-LAYER-38>1.4757e-03,2.6044e+02,6.9672e-06,3.7950e-04,3.8908e-06,1.4173e-08,4.1186e-08,3.4028e-07,2.0900e-01,1.1514e-08,2.2782e-11,1.0213e-09,0.0000e+00,1.0930e-10,5.2908e-10,4.2180e-10,1.7927e-09,6.9112e-12,3.0000e-12,2.2574e-10,0.0000e+00,3.9717e-11,8.4582e-11,7.8100e-01,6.9202e-11,0.0000e+00,4.2698e-11,0.0000e+00,0.0000e+00,0.0000e+00,0.0000e+00
<ATMOSPHERE-LAYER-39>1.1600e-03,2.6377e+02,7.1330e-06,3.7950e-04,3.3288e-06,9.3777e-09,4.4820e-08,2.7730e-07,2.0900e-01,1.1000e-08,2.7701e-11,6.6599e-10,0.0000e+00,7.6999e-11,5.7901e-10,4.2400e-10,1.8000e-09,7.0800e-12,3.0000e-12,1.5600e-10,0.0000e+00,1.6299e-11,4.9198e-11,7.8100e-01,6.7000e-11,0.0000e+00,3.8000e-11,0.0000e+00,0.0000e+00,0.0000e+00,0.0000e+00
<ATMOSPHERE-LAYER-40>9.0729e-04,2.6308e+02,7.2736e-06,3.7950e-04,2.8749e-06,5.5576e-09,4.9858e-08,2.2172e-07,2.0900e-01,1.0422e-08,3.4224e-11,4.8183e-10,0.0000e+00,5.9244e-11,6.5828e-10,4.2483e-10,1.8000e-09,7.1296e-12,3.0000e-12,1.1306e-10,0.0000e+00,7.0504e-12,2.9462e-11,7.8100e-01,6.4770e-11,0.0000e+00,3.5357e-11,0.0000e+00,0.0000e+00,0.0000e+00,0.0000e+00
<ATMOSPHERE-LAYER-41>7.0596e-04,2.6102e+02,7.3760e-06,3.7950e-04,2.4406e-06,4.1003e-09,5.4242e-08,1.9330e-07,2.0900e-01,1.0226e-08,3.9431e-11,4.0432e-10,0.0000e+00,5.1408e-11,7.7841e-10,4.2500e-10,1.8000e-09,7.1437e-12,3.0000e-12,9.3920e-11,0.0000e+00,3.9469e-12,2.1469e-11,7.8100e-01,6.3482e-11,0.0000e+00,3.5321e-11,0.0000e+00,0.0000e+00,0.0000e+00,0.0000e+00
<ATMOSPHERE-LAYER-42>5.4629e-04,2.5765e+02,7.4740e-06,3.7950e-04,2.0667e-06,3.3975e-09,5.7824e-08,1.7529e-07,2.0900e-01,1.0145e-08,4.3563e-11,3.6259e-10,0.0000e+00,4.6996e-11,8.8993e-10,4.2500e-10,1.8000e-09,7.1477e-12,3.0000e-12,8.3048e-11,0.0000e+00,2.7033e-12,1.7337e-11,7.8100e-01,6.2599e-11,0.0000e+00,3.5882e-11,0.0000e+00,0.0000e+00,0.0000e+00,0.0000e+00
<ATMOSPHERE-LAYER-43>4.2042e-04,2.5347e+02,7.5522e-06,3.7950e-04,1.8398e-06,2.8467e-09,6.1448e-08,1.6262e-07,2.0900e-01,1.0100e-08,4.6818e-11,3.3015e-10,0.0000e+00,4.3500e-11,1.0853e-09,4.2500e-10,1.8000e-09,7.1500e-12,3.0000e-12,7.4621e-11,0.0000e+00,1.8443e-12,1.4262e-11,7.8100e-01,6.1789e-11,0.0000e+00,3.8872e-11,0.0000e+00,0.0000e+00,0.0000e+00,0.0000e+00
<ATMOSPHERE-LAYER-44>3.2178e-04,2.4955e+02,7.6147e-06,3.7950e-04,1.7043e-06,2.4217e-09,6.5880e-08,1.5576e-07,2.0900e-01,1.0100e-08,4.9364e-11,3.0560e-10,0.0000e+00,4.0727e-11,1.4521e-09,4.2500e-10,1.8000e-09,7.1500e-12,3.0000e-12,6.8303e-11,0.0000e+00,1.4124e-12,1.2217e-11,7.8100e-01,6.0925e-11,0.0000e+00,4.6282e-11,0.0000e+00,0.0000e+00,0.0000e+00,0.0000e+00
<ATMOSPHERE-LAYER-45>2.4494e-04,2.4631e+02,7.6440e-06,3.7950e-04,1.7013e-06,2.0906e-09,6.9333e-08,1.5041e-07,2.0900e-01,1.0100e-08,5.1347e-11,2.8648e-10,0.0000e+00,3.8567e-11,1.7379e-09,4.2500e-10,1.8000e-09,7.1500e-12,3.0000e-12,6.3380e-11,0.0000e+00,1.0760e-12,1.0623e-11,7.8100e-01,6.0252e-11,0.0000e+00,5.2054e-11,0.0000e+00,0.0000e+00,0.0000e+00,0.0000e+00
<ATMOSPHERE-LAYER-46>1.8542e-04,2.4240e+02,7.6402e-06,3.7950e-04,1.8104e-06,1.8116e-09,7.9716e-08,1.5000e-07,2.0900e-01,1.0191e-08,5.1318e-11,2.7047e-10,0.0000e+00,3.6811e-11,2.6590e-09,4.2500e-10,1.8000e-09,7.1500e-12,3.0000e-12,5.9458e-11,0.0000e+00,0.0000e+00,9.5193e-12,7.8100e-01,5.9564e-11,0.0000e+00,8.5873e-11,0.0000e+00,0.0000e+00,0.0000e+00,0.0000e+00
<ATMOSPHERE-LAYER-47>1.3960e-04,2.3617e+02,7.6054e-06,3.7950e-04,2.0431e-06,1.5950e-09,8.8368e-08,1.5000e-07,2.0900e-01,1.0268e-08,5.1163e-11,2.5804e-10,0.0000e+00,3.5452e-11,3.4279e-09,4.2500e-10,1.8000e-09,7.1500e-12,3.0000e-12,5.6429e-11,0.0000e+00,0.0000e+00,8.6805e-12,7.8100e-01,5.9021e-11,0.0000e+00,1.1442e-10,0.0000e+00,0.0000e+00,0.0000e+00,0.0000e+00
<ATMOSPHERE-LAYER-48>1.0452e-04,2.2612e+02,7.5323e-06,3.7950e-04,2.4351e-06,1.4134e-09,1.1853e-07,1.5000e-07,2.0900e-01,1.0614e-08,4.9034e-11,2.4725e-10,0.0000e+00,3.4325e-11,4.6423e-09,4.2500e-10,1.8000e-09,7.1500e-12,3.0000e-12,5.3945e-11,0.0000e+00,0.0000e+00,8.0183e-12,7.8100e-01,5.8460e-11,0.0000e+00,1.9164e-10,0.0000e+00,0.0000e+00,0.0000e+00,0.0000e+00
<ATMOSPHERE-LAYER-49>7.7673e-05,2.1763e+02,7.3744e-06,3.7950e-04,2.9926e-06,1.2608e-09,1.6197e-07,1.5000e-07,2.0900e-01,1.1125e-08,4.5667e-11,2.3787e-10,0.0000e+00,3.3387e-11,6.1127e-09,4.2500e-10,1.8000e-09,7.1500e-12,3.0000e-12,5.1899e-11,0.0000e+00,0.0000e+00,7.4941e-12,7.8100e-01,5.7906e-11,0.0000e+00,2.9862e-10,0.0000e+00,0.0000e+00,0.0000e+00,0.0000e+00
<ATMOSPHERE-LAYER-50>5.6793e-05,2.0897e+02,7.1056e-06,3.7950e-04,3.5205e-06,1.1392e-09,2.0795e-07,1.5000e-07,2.0900e-01,1.1674e-08,4.2638e-11,2.3040e-10,0.0000e+00,3.2643e-11,7.3413e-09,4.2500e-10,1.8000e-09,7.1500e-12,3.0000e-12,5.0279e-11,0.0000e+00,0.0000e+00,7.0806e-12,7.8100e-01,5.7451e-11,0.0000e+00,4.0504e-10,0.0000e+00,0.0000e+00,0.0000e+00,0.0000e+00
<ATMOSPHERE-LAYER-51>4.0142e-05,1.9833e+02,6.5783e-06,3.7950e-04,4.1051e-06,1.0039e-09,4.0307e-07,1.5000e-07,2.0900e-01,1.4067e-08,3.4885e-11,2.2207e-10,0.0000e+00,3.1863e-11,9.4278e-09,4.2500e-10,1.8000e-09,7.1500e-12,3.0000e-12,4.8614e-11,0.0000e+00,0.0000e+00,6.6747e-12,7.8100e-01,5.6775e-11,0.0000e+00,7.9163e-10,0.0000e+00,0.0000e+00,0.0000e+00,0.0000e+00
<ATMOSPHERE-LAYER-52>2.6350e-05,1.8703e+02,5.8071e-06,3.7950e-04,4.9677e-06,8.9184e-10,5.6470e-07,1.5000e-07,2.0900e-01,1.6050e-08,2.8463e-11,2.1517e-10,0.0000e+00,3.1216e-11,1.1156e-08,4.2500e-10,1.8000e-09,7.1500e-12,3.0000e-12,4.7235e-11,0.0000e+00,0.0000e+00,6.3385e-12,7.8100e-01,5.6214e-11,0.0000e+00,1.1119e-09,0.0000e+00,0.0000e+00,0.0000e+00,0.0000e+00
<ATMOSPHERE-LAYER-53>1.5000e-05,1.8630e+02,4.0109e-06,3.7781e-04,1.1914e-05,7.5451e-10,1.2876e-06,1.5000e-07,2.0900e-01,2.3947e-08,1.7300e-11,2.0547e-10,0.0000e+00,3.0393e-11,1.1273e-08,4.2500e-10,1.8000e-09,7.1500e-12,3.0000e-12,4.5513e-11,0.0000e+00,0.0000e+00,5.9267e-12,7.8100e-01,5.5320e-11,0.0000e+00,1.7653e-09,0.0000e+00,0.0000e+00,0.0000e+00,0.0000e+00
<ATMOSPHERE-TEMPERATURE>100
<ATMOSPHERE-TAU>1,1,1,1,1,1,1,1
<ATMOSPHERE-NAERO>0
<ATMOSPHERE-NMAX>0
<ATMOSPHERE-LMAX>0
<SURFACE-TEMPERATURE>275.45
<SURFACE-ALBEDO>0.30
<SURFACE-EMISSIVITY>0.70
<SURFACE-GAS-RATIO>1.0
<SURFACE-GAS-UNIT>ratio
<SURFACE-NSURF>0
<GENERATOR-INSTRUMENT>user
<GENERATOR-RANGE1>1250
<GENERATOR-RANGE2>1310
<GENERATOR-RANGEUNIT>cm
<GENERATOR-RESOLUTION>500000
<GENERATOR-RESOLUTIONUNIT>RP
<GENERATOR-TELESCOPE>SINGLE
<GENERATOR-DIAMTELE>10
<GENERATOR-BEAM>2.5
<GENERATOR-BEAM-UNIT>arcsec
<GENERATOR-TELESCOPE1>1
<GENERATOR-TELESCOPE2>2.0
<GENERATOR-TELESCOPE3>1.0
<GENERATOR-NOISE>NO
<GENERATOR-NOISE1>1
<GENERATOR-NOISE2>1
<GENERATOR-NOISEOTEMP>300
<GENERATOR-NOISEOEFF>1
<GENERATOR-NOISEOEMIS>1
<GENERATOR-NOISETIME>60
<GENERATOR-NOISEFRAMES>12
<GENERATOR-NOISEPIXELS>1
<GENERATOR-TRANS-APPLY>N
<GENERATOR-TRANS-SHOW>N
<GENERATOR-TRANS>02-01
<GENERATOR-LOGRAD>N
<GENERATOR-GAS-MODEL>Y
<GENERATOR-CONT-MODEL>Y
<GENERATOR-CONT-STELLAR>N
<GENERATOR-RADUNITS>Wsrm2um
<OBJECT-PERIAPSIS>0.00
<OBJECT-ECCENTRICITY>0.00000
<OBJECT-INCLINATION>90.00
<OBJECT-STAR-LONGITUDE>311.40
<OBJECT-STAR-LATITUDE>3.20
<GEOMETRY-BRDFSCALER>1.0
<GEOMETRY-AZIMUTH>0.000
<OBJECT-ORBIT>
<SURFACE-MODEL>LM
<GENERATOR-RESOLUTIONKERNEL>N
