709.12930     65838.465
709.20478     59286.227
709.55250     54427.682
709.73232     68224.730
709.99058     51750.333
710.44070     58908.067
710.87739     59911.912
710.98753     62098.950
712.46819     69740.728
712.97194     67980.138
713.23311     66712.419
714.17149     60384.233
714.95986     56350.074
715.79966     65088.320
716.63738     71972.592
716.68111     66811.764
717.54565     67542.902
717.97702     65534.354
718.17395     55989.637
719.20186     63115.323
722.24175     56063.727
