700.388490	1.2e-22	0.0662	205.6354	666	3
700.592360	2.41e-22	0.0769		8.3910	666	3
700.612390	2.73e-22	0.0662		205.3285	666	3
700.629430	2.22e-22	0.0623		345.6929	666	3
700.649010	2.3e-22		0.0739		50.6432		666	3
701.157830	3.38e-22	0.0739		50.3021		666	3
701.264490	2.81e-22	0.0769		8.0217		666	3
701.306730	1.06e-22	0.0596		579.0613	666	3
701.330000	1.05e-22	0.0641		281.8329	666	3
701.337510	2.36e-22	0.0648		241.8317	666	3
701.623380	1.42e-22	0.0678		171.5015	666	3
701.769170	1.09e-22	0.0613		372.4103	666	3
701.796140	1.92e-22	0.0635		281.8329	666	3
701.803210	1e-22		0.0660		100.5724	666	3
701.825300	1.9e-22		0.0613		392.1784	666	3
701.849010	3.58e-22	0.0685		156.9033	666	3
701.863090	1.2e-22		0.0597		550.3134	666	3
701.949960	1.48e-22	0.0623		325.3544	666	3
701.967070	2.48e-22	0.0629		323.6207	666	3
702.003240	1.82e-22	0.0701		128.1196	666	3
702.340580	1.24e-22	0.0676		77.0825		666	3
702.842160	1.79e-22	0.0762		34.2510		666	3
702.864760	1.57e-22	0.0605		442.1125	666	3
703.013320	1.59e-22	0.0693		140.6471	666	3
703.101790	4.89e-22	0.0744		15.3506		666	3
703.137050	1.39e-22	0.0693		56.8050		666	3
703.297460	4.29e-22	0.0718		67.9028		666	3
703.464090	1.09e-22	0.0648		260.4468	666	3
703.580220	1.19e-22	0.0655		241.8317	666	3
703.708240	1.24e-22	0.0599		495.5174	666	3
704.119860	3.68e-22	0.0670		188.0548	666	3
704.155870	1.39e-22	0.0712		39.7506		666	3
704.173330	2.24e-22	0.0618		368.2959	666	3
704.186990	4.13e-22	0.0770		2.5195		666	3
704.237200	1.78e-22	0.0717		101.5791	666	3
704.349340	7.02e-22	0.0764		8.3910		666	3
704.520260	1.68e-22	0.0709		113.0870	666	3
704.619120	9.23e-22	0.0755		17.5973		666	3
704.930420	1.71e-22	0.0810		0.0000		666	3
704.933260	1.21e-22	0.0788		21.2944		666	3
704.981940	7.09e-22	0.0722		25.9294		666	3
705.014880	1.06e-21	0.0743		30.1119		666	3
705.249320	1.23e-22	0.0662		222.5716	666	3
705.357560	1.19e-22	0.0733		25.9294		666	3
705.492800	5.15e-22	0.0699		88.8347		666	3
705.559190	1.11e-21	0.0731		45.9008		666	3
705.700820	1.31e-22	0.0670		205.3285	666	3
706.111360	1.66e-22	0.0725		88.8347		666	3
706.274550	1.08e-21	0.0717		64.9257		666	3
706.330060	1.65e-22	0.0732		78.5386		666	3
706.463900	3.51e-22	0.0782		2.5195		666	3
706.494300	3.7e-22		0.0655		222.5716	666	3
706.524850	1.98e-22	0.0609		416.3526	666	3
706.877660	9.35e-22	0.0702		39.7506		666	3
707.055030	1.34e-22	0.0678		188.0548	666	3
707.177670	9.89e-22	0.0702		87.1499		666	3
707.715470	1.38e-22	0.0685		172.2974	666	3
707.729010	5.95e-22	0.0682		113.0870	666	3
707.759370	1.51e-22	0.0740		67.9028		666	3
707.884280	5.4e-22		0.0756		8.3910		666	3
708.273580	8.66e-22	0.0688		112.5424	666	3
708.297720	1.41e-22	0.0747		58.9810		666	3
708.559770	1.2e-21		0.0688		120.2571	666	3
708.562350	1.19e-21	0.0673		150.1900	666	3
708.706820	1.15e-21	0.0702		93.6687		666	3
708.743860	1.12e-21	0.0659		183.4307	666	3
708.759140	1.15e-21	0.0684		56.8050		666	3
708.866430	1.39e-22	0.0693		156.9033	666	3
708.953600	3.66e-22	0.0641		260.4468	666	3
708.967350	1.03e-21	0.0717		70.4557		666	3
709.014890	1.73e-22	0.0602		467.7873	666	3
709.127590	1e-21		0.0647		219.9383	666	3
709.203190	7.35e-22	0.0733		17.5973		666	3
709.298840	8.8e-22		0.0731		50.6432		666	3
709.442350	1.24e-22	0.0755		50.3021		666	3
709.551990	7.33e-22	0.0673		141.0820	666	3
709.646960	1.4e-22		0.0701		142.7128	666	3
709.655400	7.05e-22	0.0743		34.2510		666	3
709.730770	8.53e-22	0.0636		259.6697	666	3
709.986850	6.64e-22	0.0667		140.6471	666	3
709.992520	5.22e-22	0.0755		21.2944		666	3
710.163470	1.06e-22	0.0762		42.8809		666	3
710.271700	3.37e-22	0.0764		11.7846		666	3
710.439430	9.35e-22	0.0712		30.1119		666	3
710.463560	1.37e-22	0.0770		5.7293		666	3
710.562640	6.97e-22	0.0627		302.5836	666	3
710.598800	1.35e-21	0.0668		77.0825		666	3
710.672820	1.38e-22	0.0709		129.1220	666	3
710.679940	2.3e-22		0.0767		8.0217		666	3
710.877110	3.83e-22	0.0759		15.3506		666	3
710.987270	6.07e-22	0.0659		172.7568	666	3
711.163810	4.99e-22	0.0749		25.9294		666	3
711.390190	1.06e-22	0.0641		827.6114	666	3
711.475350	3.56e-22	0.0629		301.6709	666	3
711.514990	1.34e-22	0.0717		116.5520	666	3
711.541640	5.78e-22	0.0737		39.7506		666	3
711.617700	1.13e-21	0.0693		45.9008		666	3
711.621250	5.49e-22	0.0621		348.6451	666	3
711.627090	1.49e-22	0.0597		522.5939	666	3
711.802710	4.4e-22		0.0602		464.9994	666	3
711.822370	5.31e-22	0.0618		411.0551	666	3
712.012000	6.22e-22	0.0724		56.8050		666	3
712.021850	3.49e-22	0.0597		522.1992	666	3
712.055470	6.17e-22	0.0621		360.4137	666	3
712.242580	7.21e-22	0.0653		171.5015	666	3
712.244660	2.49e-22	0.0796		3.9482		666	3
712.375940	1.5e-21		0.0654		100.5724	666	3
712.409030	1.05e-22	0.0647		812.9483	666	3
712.467060	1.28e-22	0.0725		104.7131	666	3
712.467710	6.91e-22	0.0627		313.1201	666	3
712.496280	2.67e-22	0.0596		582.6059	666	3
712.541930	4.95e-22	0.0647		207.5623	666	3
712.575580	6.33e-22	0.0710		77.0825		666	3
712.765680	1.31e-21	0.0676		64.9257		666	3
712.806030	1.02e-22	0.0670		226.7550	666	3
712.890700	4.21e-22	0.0618		397.8283	666	3
712.972310	2.81e-22	0.0831		5.7293		666	3
713.008960	1.09e-22	0.0630		857.3371	666	3
713.015880	7.47e-22	0.0636		269.2148	666	3
713.231930	6.16e-22	0.0695		100.5724	666	3
713.232800	1.97e-22	0.0597		646.1738	666	3
713.335180	1.2e-22		0.0732		93.7963		666	3
713.578620	1.09e-22	0.0635		841.3435	666	3
713.649460	7.85e-22	0.0647		228.7342	666	3
713.753840	1.05e-22	0.0678		209.8936	666	3
713.909460	1.47e-21	0.0660		87.1499		666	3
713.979040	5.77e-22	0.0680		127.2639	666	3
714.034330	3.41e-22	0.0618		346.2320	666	3
714.034610	3.02e-22	0.0769		8.0217		666	3
714.079560	1.61e-21	0.0641		127.2639	666	3
714.172200	4e-22		0.0636		245.4983	666	3
714.226400	1.4e-22		0.0601		712.8635	666	3
714.244950	1.09e-22	0.0740		83.6770		666	3
714.314600	8.04e-22	0.0659		191.7092	666	3
714.337930	1.26e-22	0.0596		580.7642	666	3
714.340790	3.16e-22	0.0599		450.1177	666	3
714.443100	3.57e-22	0.0802		11.7846		666	3
714.468900	7.6e-22		0.0641		205.6354	666	3
714.555800	1.09e-22	0.0620		890.2271	666	3
714.562480	1.09e-22	0.0610		799.5910	666	3
714.665840	1.06e-22	0.0685		193.9070	666	3
714.777740	1.1e-22		0.0624		872.8550	666	3
714.813090	5.23e-22	0.0666		157.1471	666	3
714.959600	8.07e-22	0.0673		158.1653	666	3
715.031540	1.43e-22	0.0601		728.3158	666	3
715.068950	1.59e-21	0.0647		112.5424	666	3
715.540880	7.93e-22	0.0688		128.1196	666	3
715.590520	1.06e-22	0.0693		178.7469	666	3
715.699030	1.81e-22	0.0597		660.3860	666	3
715.707870	1.65e-21	0.0630		157.1471	666	3
715.728350	4.6e-22		0.0653		190.2125	666	3
715.798770	4.38e-22	0.0775		21.2944		666	3
715.834460	3.2e-22		0.0627		286.5665	666	3
715.929580	2.34e-22	0.0594		505.5065	666	3
715.936370	3.5e-22		0.0744		15.3506		666	3
716.002310	1.08e-22	0.0615		907.4782	666	3
716.028150	7.6e-22		0.0702		101.5791	666	3
716.039050	1.05e-22	0.0611		926.2728	666	3
716.255110	1.65e-21	0.0635		141.0820	666	3
716.407510	7.06e-22	0.0717		78.5386		666	3
716.496870	1.05e-22	0.0701		164.4437	666	3
716.516300	2.23e-22	0.0596		595.8493	666	3
716.602790	3.22e-22	0.0609		394.1162	666	3
716.637290	7.79e-22	0.0630		243.0333	666	3
716.681160	6.29e-22	0.0731		58.9810		666	3
716.717350	3.95e-22	0.0641		226.4519	666	3
716.863580	5.25e-22	0.0743		42.8809		666	3
716.965840	6.59e-22	0.0724		67.9028		666	3
716.975540	3.95e-22	0.0755		30.2095		666	3
716.976650	5.76e-22	0.0737		50.3021		666	3
716.981530	7.12e-22	0.0710		88.8347		666	3
717.002470	4.63e-22	0.0749		36.0419		666	3
717.033030	3.18e-22	0.0759		25.1297		666	3
717.035820	7.35e-22	0.0695		113.0870	666	3
717.038250	2.32e-22	0.0764		20.9402		666	3
717.041170	5.16e-22	0.0751		34.2510		666	3
717.059890	1.31e-22	0.0767		17.5714		666	3
717.119190	1.07e-22	0.0597		642.2874	666	3
717.140700	7.29e-22	0.0680		140.6471	666	3
717.245020	1.02e-22	0.0607		945.2129	666	3
717.265670	1.64e-21	0.0620		190.2125	666	3
717.307460	6.98e-22	0.0666		171.5015	666	3
717.405030	1.02e-22	0.0709		150.9772	666	3
717.427370	2.69e-22	0.0597		534.7491	666	3
717.470260	1.66e-21	0.0624		172.7568	666	3
717.491100	2.54e-22	0.0621		330.7686	666	3
717.546070	6.47e-22	0.0653		205.6354	666	3
717.608390	1.7e-22		0.0589		563.9940	666	3
717.771150	3.31e-22	0.0631		265.8579	666	3
717.864770	5.82e-22	0.0641		243.0333	666	3
717.977050	3.74e-22	0.0722		25.9294		666	3
718.173790	5.89e-22	0.0728		50.6432		666	3
718.269650	5.08e-22	0.0631		283.6794	666	3
718.373480	3.19e-22	0.0602		477.1235	666	3
718.710460	1.62e-21	0.0615		207.5623	666	3
718.721550	7.76e-22	0.0621		283.6794	666	3
718.761090	1.59e-21	0.0611		226.4519	666	3
718.764380	4.32e-22	0.0624		327.5579	666	3
718.879820	2.71e-22	0.0624		308.4246	666	3
719.114510	1.99e-22	0.0618		378.1064	666	3
719.150570	2.99e-22	0.0602		445.3079	666	3
719.202350	6.56e-22	0.0708		70.4557		666	3
719.298990	3.72e-22	0.0618		423.0034	666	3
719.328010	1.23e-22	0.0584		625.5828	666	3
719.350130	3.57e-22	0.0619		374.6535	666	3
719.579380	3.92e-22	0.0756		15.0520		666	3
719.968640	1.54e-21	0.0607		245.4983	666	3
720.025500	2.88e-22	0.0605		424.9517	666	3
720.032960	2.18e-22	0.0619		354.1466	666	3
720.135540	7.14e-22	0.0690		93.6687		666	3
720.157280	4.27e-22	0.0621		372.4103	666	3
720.191470	3.69e-22	0.0702		39.7506		666	3
720.203030	1.49e-21	0.0603		265.8579	666	3
720.407010	4.12e-22	0.0786		17.5714		666	3
720.688240	1.55e-22	0.0584		428.5804	666	3
720.701800	7.49e-22	0.0613		327.5579	666	3
720.786650	2.27e-22	0.0599		478.4390	666	3
720.915500	4.83e-22	0.0627		325.3544	666	3
720.985850	7.61e-22	0.0674		120.2571	666	3
721.220220	1.72e-22	0.0587		403.0194	666	3
721.222550	4.37e-22	0.0781		20.9402		666	3
721.236890	1.43e-21	0.0599		286.5665	666	3
721.556760	5.37e-22	0.0636		281.8329	666	3
721.599680	1.36e-21	0.0596		308.4246	666	3
721.627510	1.75e-22	0.0596		535.1031	666	3
721.645890	2.73e-22	0.0597		499.7902	666	3
721.770210	7.97e-22	0.0660		150.1900	666	3
722.055300	4.64e-22	0.0775		25.1297		666	3
722.079240	5.85e-22	0.0647		241.8317	666	3
722.205480	1.18e-22	0.0579		482.1910	666	3
722.431780	1.34e-22	0.0582		455.0392	666	3
722.492460	6.23e-22	0.0659		205.3285	666	3
722.507940	1.29e-21	0.0593		330.7686	666	3
722.510120	8.2e-22		0.0647		183.4307	666	3
722.516690	3.7e-22		0.0619		394.1162	666	3
722.540210	1.32e-22	0.0596		594.9334	666	3
722.542280	4.33e-22	0.0624		346.2320	666	3
722.547930	3.09e-22	0.0605		445.3079	666	3
722.567310	7.02e-22	0.0606		374.6535	666	3
722.612810	4.95e-22	0.0631		301.6709	666	3
722.618070	3.37e-22	0.0684		56.8050		666	3
722.646870	2.51e-22	0.0599		499.7902	666	3
722.716100	5.52e-22	0.0641		260.4468	666	3
722.812410	6.46e-22	0.0673		172.2974	666	3
722.822860	2e-22		0.0596		557.5452	666	3
722.834870	4.9e-22		0.0768		30.2095		666	3
722.840300	5.99e-22	0.0653		222.5716	666	3
722.957840	1.21e-21	0.0590		354.1466	666	3
722.974550	6.33e-22	0.0666		188.0548	666	3
723.056970	6.51e-22	0.0688		142.7128	666	3
723.083220	1.55e-22	0.0596		618.5545	666	3
723.109520	6.49e-22	0.0680		156.9033	666	3
723.230880	8.27e-22	0.0636		219.9383	666	3
723.237760	6.45e-22	0.0695		129.1220	666	3
723.242810	6.35e-22	0.0702		116.5520	666	3
723.353880	6.17e-22	0.0710		104.7131	666	3
723.383800	5.93e-22	0.0717		93.7963		666	3
723.432920	1.17e-22	0.0599		682.7999	666	3
723.454480	5.62e-22	0.0724		83.6770		666	3
723.490600	5.24e-22	0.0731		74.4314		666	3
723.537900	4.79e-22	0.0737		66.0127		666	3
723.570910	4.26e-22	0.0743		58.4464		666	3
723.603810	3.65e-22	0.0749		51.7179		666	3
723.629960	2.96e-22	0.0755		45.8336		666	3
723.652770	2.15e-22	0.0759		40.7900		666	3
723.658690	1.02e-22	0.0576		510.2025	666	3
723.671160	1.19e-22	0.0764		36.5878		666	3
723.702580	5.12e-22	0.0762		36.0419		666	3
723.775760	1.14e-21	0.0587		378.1064	666	3
723.959410	8.16e-22	0.0626		259.6697	666	3
724.057240	2.45e-22	0.0596		557.5452	666	3
724.232100	1e-22		0.0601		744.3067	666	3
724.282820	1.06e-21	0.0584		403.0194	666	3
724.316950	6.38e-22	0.0599		424.9517	666	3
724.397880	5.35e-22	0.0755		42.8809		666	3
724.720790	7.88e-22	0.0617		302.5836	666	3
725.035610	9.84e-22	0.0582		428.5804	666	3
725.230490	1.28e-22	0.0597		676.7957	666	3
725.293080	2.87e-22	0.0668		77.0825		666	3
725.360090	5.49e-22	0.0747		50.3021		666	3
725.534450	7.41e-22	0.0609		348.6451	666	3
725.578570	9.08e-22	0.0579		455.0392	666	3
725.887630	5.67e-22	0.0740		58.9810		666	3
725.957500	5.63e-22	0.0594		478.4390	666	3
726.104870	1.62e-22	0.0596		612.8368	666	3
726.283930	8.33e-22	0.0576		482.1910	666	3
726.356270	2.14e-22	0.0597		618.5545	666	3
726.411320	6.79e-22	0.0602		397.8283	666	3
726.847970	7.61e-22	0.0574		510.2025	666	3
726.852030	2.01e-22	0.0597		552.4175	666	3
727.032550	5e-22		0.0738		33.2264		666	3
727.043290	5.67e-22	0.0732		67.9028		666	3
727.277680	5.85e-22	0.0725		78.5386		666	3
727.349590	1.09e-22	0.0599		707.1504	666	3
727.353290	6.05e-22	0.0596		450.1177	666	3
727.479610	2.46e-22	0.0602		495.5174	666	3
727.500560	4.84e-22	0.0589		535.1031	666	3
727.518120	6.91e-22	0.0572		538.9375	666	3
727.553510	1.41e-22	0.0596		642.2874	666	3
727.788350	1.78e-22	0.0596		580.7642	666	3
727.854900	5.13e-22	0.0781		36.5878		666	3
728.001630	2.94e-22	0.0618		442.1125	666	3
728.042520	2.21e-22	0.0599		522.5939	666	3
728.093040	6.25e-22	0.0569		568.5063	666	3
728.244550	2.3e-22		0.0654		100.5724	666	3
728.305420	2.68e-22	0.0605		467.7873	666	3
728.354740	5.26e-22	0.0591		505.5065	666	3
728.434470	3.45e-22	0.0621		392.1784	666	3
728.521270	1.83e-22	0.0601		682.7999	666	3
728.543720	5.87e-22	0.0709		101.5791	666	3
728.567800	3.18e-22	0.0619		416.3526	666	3
728.673600	5.3e-22		0.0775		40.7900		666	3
728.736320	5.62e-22	0.0567		598.8187	666	3
728.772490	5.65e-22	0.0717		88.8347		666	3
728.794050	3.96e-22	0.0627		345.6929	666	3
728.822080	3.7e-22		0.0624		368.2959	666	3
728.959670	4.05e-22	0.0584		594.9334	666	3
729.062480	4.2e-22		0.0631		323.6207	666	3
729.094310	4.45e-22	0.0636		302.6369	666	3
729.284930	4.67e-22	0.0641		282.3288	666	3
729.315140	5.04e-22	0.0564		629.9476	666	3
729.346610	4.87e-22	0.0647		262.9951	666	3
729.405410	4.45e-22	0.0587		563.9940	666	3
729.486950	5.05e-22	0.0653		244.4202	666	3
729.488060	5.49e-22	0.0768		45.8336		666	3
729.559780	5.21e-22	0.0659		226.7550	666	3
729.667350	5.33e-22	0.0666		209.8936	666	3
729.668260	5.76e-22	0.0693		128.1196	666	3
729.740500	5.41e-22	0.0673		193.9070	666	3
729.825960	5.45e-22	0.0680		178.7469	666	3
729.893720	5.44e-22	0.0688		164.4437	666	3
729.937190	4.49e-22	0.0562		661.8332	666	3
729.963330	5.38e-22	0.0695		150.9772	666	3
730.023100	5.27e-22	0.0702		138.3591	666	3
730.080410	5.09e-22	0.0710		126.5818	666	3
730.131340	4.86e-22	0.0717		115.6488	666	3
730.178380	4.56e-22	0.0724		105.5576	666	3
730.220500	4.19e-22	0.0731		96.3089		666	3
730.258450	3.75e-22	0.0737		87.9019		666	3
730.292110	3.22e-22	0.0743		80.3366		666	3
730.299410	5.67e-22	0.0762		51.7179		666	3
730.321730	2.61e-22	0.0749		73.6125		666	3
730.347380	1.9e-22		0.0755		67.7294		666	3
730.348060	3.32e-22	0.0580		657.9203	666	3
730.369170	1.04e-22	0.0759		62.6872		666	3
730.493150	3.69e-22	0.0582		625.5828	666	3
730.515220	3.98e-22	0.0559		694.5235	666	3
730.539850	1.52e-22	0.0610		750.2634	666	3
730.573460	5.42e-22	0.0701		113.0870	666	3
730.643680	5.56e-22	0.0678		158.1653	666	3
731.104210	5.84e-22	0.0755		58.4464		666	3
731.119810	3.52e-22	0.0557		727.9791	666	3
731.472180	5.28e-22	0.0662		191.7092	666	3
731.488390	1.75e-22	0.0641		127.2639	666	3
731.605990	2.98e-22	0.0578		690.2765	666	3
731.677500	2.66e-22	0.0576		724.0556	666	3
731.693860	3.09e-22	0.0554		762.2313	666	3
731.909310	5.97e-22	0.0747		66.0127		666	3
732.163870	4.97e-22	0.0648		228.7342	666	3
732.283500	2.71e-22	0.0551		797.2542	666	3
732.409790	1.24e-22	0.0622		820.9277	666	3
732.477750	4.99e-22	0.0685		140.6471	666	3
732.700140	6.08e-22	0.0740		74.4314		666	3
732.733340	2.36e-22	0.0575		758.0785	666	3
732.734180	4.62e-22	0.0635		269.2148	666	3
732.851450	2.36e-22	0.0662		833.0681	666	3
732.957710	2.08e-22	0.0573		793.3324	666	3
733.202220	4.26e-22	0.0623		313.1201	666	3
733.427770	2.05e-22	0.0660		869.6561	666	3
733.503110	6.15e-22	0.0732		83.6770		666	3
733.589960	3.89e-22	0.0613		360.4137	666	3
733.746420	1.03e-22	0.0597		702.3167	666	3
733.866390	1.83e-22	0.0571		828.9916	666	3
733.922150	3.52e-22	0.0605		411.0551	666	3
733.988200	1.77e-22	0.0658		907.0311	666	3
734.180500	1.16e-22	0.0596		670.0092	666	3
734.196390	1.6e-22		0.0662		865.7444	666	3
734.206680	1.31e-22	0.0596		638.9769	666	3
734.226190	3.15e-22	0.0599		464.9994	666	3
734.270630	6.19e-22	0.0725		93.7963		666	3
734.522350	4.41e-22	0.0670		171.5015	666	3
734.531490	2.77e-22	0.0596		522.1992	666	3
734.531770	1.47e-22	0.0596		608.4686	666	3
734.552270	1.52e-22	0.0656		945.1821	666	3
734.570770	5.64e-22	0.0720		58.4856		666	3
734.610480	1.64e-22	0.0597		579.0613	666	3
734.861130	1.81e-22	0.0599		550.3134	666	3
734.867720	2.41e-22	0.0596		582.6059	666	3
734.967050	2e-22		0.0602		522.5576	666	3
734.998190	1.39e-22	0.0660		903.0172	666	3
735.027500	1.28e-22	0.0630		157.1471	666	3
735.081710	6.19e-22	0.0717		104.7131	666	3
735.104220	1.3e-22		0.0655		984.1174	666	3
735.166830	2.2e-22		0.0605		495.5437	666	3
735.261940	2.05e-22	0.0599		646.1738	666	3
735.283610	2.4e-22		0.0618		469.4563	666	3
735.389620	5.71e-22	0.0775		62.6872		666	3
735.399430	1.2e-22		0.0658		941.2863	666	3
735.448110	2.61e-22	0.0619		444.1588	666	3
735.565710	2.83e-22	0.0621		419.7495	666	3
735.656720	1.11e-22	0.0653		1023.8297	666	3
735.704930	3.04e-22	0.0624		396.1571	666	3
735.735340	1.71e-22	0.0605		712.8635	666	3
735.807750	6.15e-22	0.0709		116.5520	666	3
735.817570	3.25e-22	0.0627		373.4312	666	3
735.937810	3.45e-22	0.0631		351.5365	666	3
736.042440	3.65e-22	0.0636		330.4966	666	3
736.123390	1.04e-22	0.0656		980.1558	666	3
736.147600	3.83e-22	0.0641		310.2947	666	3
736.204790	5.82e-22	0.0768		67.7294		666	3
736.242840	3.99e-22	0.0647		290.9415	666	3
736.300490	1.4e-22		0.0615		782.6449	666	3
736.335340	4.14e-22	0.0653		272.4295	666	3
736.420770	4.26e-22	0.0659		254.7628	666	3
736.502140	4.35e-22	0.0666		237.9384	666	3
736.577850	4.41e-22	0.0673		221.9576	666	3
736.647770	6.07e-22	0.0701		129.1220	666	3
736.649100	4.42e-22	0.0680		206.8192	666	3
736.715430	4.4e-22		0.0688		192.5235	666	3
736.748270	3.72e-22	0.0655		205.6354	666	3
736.777300	4.33e-22	0.0695		179.0698	666	3
736.834660	4.21e-22	0.0702		166.4582	666	3
736.887710	4.04e-22	0.0710		154.6884	666	3
736.936510	3.81e-22	0.0717		143.7601	666	3
736.960360	1.11e-22	0.0629		855.4987	666	3
736.981180	3.51e-22	0.0724		133.6731	666	3
737.016230	5.93e-22	0.0762		73.6125		666	3
737.021810	3.15e-22	0.0731		124.4274	666	3
737.058480	2.72e-22	0.0737		116.0227	666	3
737.091270	2.21e-22	0.0743		108.4589	666	3
737.120240	1.6e-22		0.0749		101.7359	666	3
737.300060	5.96e-22	0.0693		142.7128	666	3
737.823810	6.03e-22	0.0755		80.3366		666	3
738.206460	5.8e-22		0.0685		156.9033	666	3
738.627490	6.12e-22	0.0747		87.9019		666	3
738.731930	5.65e-22	0.0678		172.2974	666	3
739.197460	3e-22		0.0641		243.0333	666	3
739.427020	6.18e-22	0.0740		96.3089		666	3
739.766190	5.41e-22	0.0670		188.0548	666	3
740.083440	5.22e-22	0.0662		205.3285	666	3
740.222570	6.22e-22	0.0732		105.5576	666	3
741.013370	6.23e-22	0.0725		115.6488	666	3
741.331250	4.73e-22	0.0648		241.8317	666	3
741.339320	4.92e-22	0.0655		222.5716	666	3
741.402260	1.05e-22	0.0596		672.6441	666	3
741.571960	1.17e-22	0.0596		642.3356	666	3
741.722730	1.31e-22	0.0597		612.8845	666	3
741.800490	6.2e-22		0.0717		126.5818	666	3
741.876110	1.45e-22	0.0599		584.2685	666	3
741.908420	2.3e-22		0.0629		283.6794	666	3
742.017070	1.6e-22		0.0602		556.5029	666	3
742.156470	1.76e-22	0.0605		529.5766	666	3
742.187330	5.85e-22	0.0702		90.8116		666	3
742.287040	1.92e-22	0.0618		503.4970	666	3
742.414050	2.09e-22	0.0619		478.2585	666	3
742.450780	4.18e-22	0.0635		281.8329	666	3
742.534150	2.26e-22	0.0621		453.8647	666	3
742.581390	6.14e-22	0.0709		138.3591	666	3
742.649820	2.43e-22	0.0624		430.3128	666	3
742.759660	2.6e-22		0.0627		407.6043	666	3
742.864770	2.76e-22	0.0631		385.7380	666	3
742.942860	4.36e-22	0.0641		260.4468	666	3
742.964660	2.91e-22	0.0636		364.7143	666	3
743.002650	5.87e-22	0.0768		95.8534		666	3
743.059820	3.05e-22	0.0641		344.5328	666	3
743.150130	3.18e-22	0.0647		325.1933	666	3
743.235830	3.29e-22	0.0653		306.6958	666	3
743.316940	3.37e-22	0.0659		289.0401	666	3
743.360170	6.05e-22	0.0701		150.9772	666	3
743.393590	3.44e-22	0.0666		272.2260	666	3
743.419820	3.63e-22	0.0623		325.3544	666	3
743.465860	3.47e-22	0.0673		256.2534	666	3
743.533840	3.47e-22	0.0680		241.1222	666	3
743.597600	3.43e-22	0.0688		226.8323	666	3
743.657220	3.35e-22	0.0695		213.3836	666	3
743.712770	3.23e-22	0.0702		200.7759	666	3
743.764320	3.05e-22	0.0710		189.0092	666	3
743.811920	2.83e-22	0.0717		178.0834	666	3
743.814320	5.91e-22	0.0762		101.7359	666	3
743.855650	2.55e-22	0.0724		167.9983	666	3
743.895540	2.2e-22		0.0731		158.7539	666	3
743.931650	1.79e-22	0.0737		150.3502	666	3
743.964030	1.3e-22		0.0743		142.7870	666	3
744.129160	5.93e-22	0.0693		164.4437	666	3
744.222530	3.1e-22		0.0613		372.4103	666	3
744.599030	3.75e-22	0.0629		301.6709	666	3
744.622290	5.96e-22	0.0755		108.4589	666	3
744.852480	2.6e-22		0.0605		423.0034	666	3
744.900610	5.79e-22	0.0685		178.7469	666	3
744.911270	1.69e-22	0.0618		327.5579	666	3
745.313570	2.16e-22	0.0599		477.1235	666	3
745.426500	5.99e-22	0.0747		116.0227	666	3
745.618900	1.78e-22	0.0596		534.7491	666	3
745.654000	5.61e-22	0.0678		193.9070	666	3
745.788430	1.45e-22	0.0596		595.8493	666	3
745.846840	1.17e-22	0.0599		660.3860	666	3
746.226910	6.01e-22	0.0740		124.4274	666	3
746.335640	3.14e-22	0.0618		346.2320	666	3
746.421090	5.41e-22	0.0670		209.8936	666	3
747.023430	6.01e-22	0.0732		133.6731	666	3
747.152240	5.19e-22	0.0662		226.7550	666	3
747.816000	5.98e-22	0.0725		143.7601	666	3
747.921430	4.96e-22	0.0655		244.4202	666	3
748.186150	2.54e-22	0.0609		394.1162	666	3
748.223900	1.19e-22	0.0609		374.6535	666	3
748.604520	5.94e-22	0.0717		154.6884	666	3
748.618710	4.71e-22	0.0648		262.9951	666	3
748.762180	1.02e-22	0.0597		653.1332	666	3
748.900890	1.13e-22	0.0599		624.5507	666	3
749.034290	1.25e-22	0.0602		596.8097	666	3
749.162790	1.37e-22	0.0605		569.9099	666	3
749.286270	1.5e-22		0.0618		543.8513	666	3
749.388900	5.86e-22	0.0709		166.4582	666	3
749.402400	4.44e-22	0.0641		282.3288	666	3
749.404960	1.63e-22	0.0619		518.6337	666	3
749.518870	1.76e-22	0.0621		494.2574	666	3
749.628110	1.89e-22	0.0624		470.7220	666	3
749.732750	2.01e-22	0.0627		448.0276	666	3
749.832880	2.14e-22	0.0631		426.1742	666	3
749.874910	5.67e-22	0.0685		130.1822	666	3
749.928560	2.25e-22	0.0636		405.1617	666	3
750.019870	2.36e-22	0.0641		384.9900	666	3
750.046270	4.18e-22	0.0635		302.6369	666	3
750.106860	2.45e-22	0.0647		365.6591	666	3
750.169080	5.76e-22	0.0701		179.0698	666	3
750.189050	1.99e-22	0.0602		445.3079	666	3
750.189610	2.52e-22	0.0653		347.1690	666	3
750.268180	2.58e-22	0.0659		329.5197	666	3
750.342630	2.62e-22	0.0666		312.7111	666	3
750.413000	2.63e-22	0.0673		296.7431	666	3
750.479360	2.61e-22	0.0680		281.6157	666	3
750.541760	2.56e-22	0.0688		267.3289	666	3
750.600240	2.48e-22	0.0695		253.8827	666	3
750.654840	2.36e-22	0.0702		241.2771	666	3
750.686690	5.65e-22	0.0762		136.0644	666	3
750.705620	2.19e-22	0.0710		229.5119	666	3
750.752610	1.98e-22	0.0717		218.5873	666	3
750.795840	1.72e-22	0.0724		208.5030	666	3
750.835340	1.4e-22		0.0731		199.2593	666	3
750.866200	3.9e-22		0.0629		323.6207	666	3
750.871160	1.01e-22	0.0737		190.8559	666	3
750.944840	5.63e-22	0.0693		192.5235	666	3
751.425080	3.63e-22	0.0623		345.6929	666	3
751.494820	5.64e-22	0.0755		142.7870	666	3
751.716280	5.48e-22	0.0685		206.8192	666	3
752.299270	5.63e-22	0.0747		150.3502	666	3
752.316980	3.35e-22	0.0618		368.2959	666	3
752.386310	1.5e-22		0.0597		499.7902	666	3
752.482900	5.3e-22		0.0678		221.9576	666	3
752.742020	3.09e-22	0.0613		392.1784	666	3
753.100010	5.61e-22	0.0740		158.7539	666	3
753.245220	5.11e-22	0.0670		237.9384	666	3
753.761500	2.81e-22	0.0609		416.3526	666	3
753.896990	5.58e-22	0.0732		167.9983	666	3
753.980210	2.57e-22	0.0605		442.1125	666	3
754.001990	4.9e-22		0.0662		254.7628	666	3
754.690170	5.53e-22	0.0725		178.0834	666	3
754.754890	4.67e-22	0.0655		272.4295	666	3
754.820450	1.09e-22	0.0596		557.5452	666	3
755.119050	2.1e-22		0.0599		495.5174	666	3
755.209740	2.31e-22	0.0602		467.7873	666	3
755.479490	5.46e-22	0.0717		189.0092	666	3
755.500790	4.44e-22	0.0648		290.9415	666	3
756.135110	1.68e-22	0.0596		552.4175	666	3
756.198860	1.04e-22	0.0605		616.4601	666	3
756.244260	4.19e-22	0.0641		310.2947	666	3
756.264900	5.37e-22	0.0709		200.7759	666	3
756.317770	1.13e-22	0.0618		590.4150	666	3
756.432280	1.23e-22	0.0619		565.2097	666	3
756.542430	1.32e-22	0.0621		540.8442	666	3
756.648290	1.42e-22	0.0624		517.3185	666	3
756.675580	1.86e-22	0.0597		522.5939	666	3
756.749900	1.51e-22	0.0627		494.6328	666	3
756.847320	1.6e-22		0.0631		472.7870	666	3
756.940590	1.68e-22	0.0636		451.7811	666	3
756.977720	3.94e-22	0.0635		330.4966	666	3
757.004150	1.32e-22	0.0596		612.8368	666	3
757.029760	1.76e-22	0.0641		431.6153	666	3
757.046340	5.26e-22	0.0701		213.3836	666	3
757.114880	1.82e-22	0.0647		412.2894	666	3
757.195980	1.87e-22	0.0653		393.8037	666	3
757.273120	1.91e-22	0.0659		376.1580	666	3
757.346320	1.92e-22	0.0666		359.3524	666	3
757.415630	1.92e-22	0.0673		343.3870	666	3
757.481080	1.89e-22	0.0680		328.2617	666	3
757.542710	1.83e-22	0.0688		313.9766	666	3
757.600550	1.75e-22	0.0695		300.5317	666	3
757.625920	5.18e-22	0.0668		176.5703	666	3
757.654620	1.63e-22	0.0702		287.9270	666	3
757.704330	1.02e-22	0.0599		676.7957	666	3
757.704970	1.48e-22	0.0710		276.1626	666	3
757.712310	3.68e-22	0.0629		351.5365	666	3
757.751600	1.29e-22	0.0717		265.2384	666	3
757.794560	1.05e-22	0.0724		255.1545	666	3
757.823740	5.12e-22	0.0693		226.8323	666	3
758.177440	1.46e-22	0.0596		580.7642	666	3
758.430800	3.43e-22	0.0623		373.4312	666	3
758.434140	5.13e-22	0.0755		183.2929	666	3
758.597040	4.97e-22	0.0685		241.1222	666	3
759.158120	3.17e-22	0.0618		396.1571	666	3
759.238710	5.09e-22	0.0747		190.8559	666	3
759.366160	4.81e-22	0.0678		256.2534	666	3
759.738750	1.12e-22	0.0597		642.2874	666	3
759.857450	2.92e-22	0.0613		419.7495	666	3
760.039620	5.04e-22	0.0740		199.2593	666	3
760.131030	4.62e-22	0.0670		272.2260	666	3
760.581060	2.68e-22	0.0609		444.1588	666	3
760.836820	4.99e-22	0.0732		208.5030	666	3
760.891550	4.42e-22	0.0662		289.0401	666	3
761.254310	2.45e-22	0.0605		469.4563	666	3
761.630290	4.92e-22	0.0725		218.5873	666	3
761.647670	4.22e-22	0.0655		306.6958	666	3
761.980950	2.22e-22	0.0602		495.5437	666	3
762.399240	4e-22		0.0648		325.1933	666	3
762.420000	4.84e-22	0.0717		229.5119	666	3
762.616890	2.01e-22	0.0599		522.5576	666	3
763.146250	3.77e-22	0.0641		344.5328	666	3
763.205900	4.74e-22	0.0709		241.2771	666	3
763.358370	1.8e-22		0.0597		550.3134	666	3
763.710570	1.04e-22	0.0624		570.0488	666	3
763.810380	1.1e-22		0.0627		547.3683	666	3
763.888440	3.54e-22	0.0635		364.7143	666	3
763.906180	1.16e-22	0.0631		525.5272	666	3
763.939100	1.62e-22	0.0596		579.0613	666	3
763.987960	4.63e-22	0.0701		253.8827	666	3
763.998010	1.22e-22	0.0636		504.5254	666	3
764.085920	1.27e-22	0.0641		484.3630	666	3
764.169910	1.31e-22	0.0647		465.0401	666	3
764.250040	1.34e-22	0.0653		446.5569	666	3
764.326330	1.36e-22	0.0659		428.9133	666	3
764.398800	1.36e-22	0.0666		412.1094	666	3
764.467480	1.34e-22	0.0673		396.1453	666	3
764.532400	1.31e-22	0.0680		381.0211	666	3
764.593570	1.25e-22	0.0688		366.7368	666	3
764.625980	3.31e-22	0.0629		385.7380	666	3
764.651040	1.17e-22	0.0695		353.2925	666	3
764.704800	1.07e-22	0.0702		340.6882	666	3
764.714970	1.44e-22	0.0596		608.4686	666	3
764.766120	4.5e-22		0.0693		267.3289	666	3
765.212820	1.28e-22	0.0596		638.9769	666	3
765.358320	3.08e-22	0.0623		407.6043	666	3
765.432540	4.49e-22	0.0652		229.9445	666	3
765.540360	4.35e-22	0.0685		281.6157	666	3
766.053930	1.12e-22	0.0597		670.0092	666	3
766.086020	2.86e-22	0.0618		430.3128	666	3
766.237190	4.43e-22	0.0747		237.5075	666	3
766.310610	4.2e-22		0.0678		296.7431	666	3
766.807900	2.63e-22	0.0613		453.8647	666	3
767.038190	4.36e-22	0.0740		245.9109	666	3
767.076830	4.03e-22	0.0670		312.7111	666	3
767.525470	2.42e-22	0.0609		478.2585	666	3
767.835520	4.3e-22		0.0732		255.1545	666	3
767.838960	3.85e-22	0.0662		329.5197	666	3
768.236100	2.2e-22		0.0605		503.4970	666	3
768.596950	3.66e-22	0.0655		347.1690	666	3
768.629150	4.22e-22	0.0725		265.2384	666	3
768.943380	2e-22		0.0602		529.5766	666	3
769.350720	3.47e-22	0.0648		365.6591	666	3
769.419060	4.13e-22	0.0717		276.1626	666	3
769.641650	1.81e-22	0.0599		556.5029	666	3
770.100240	3.27e-22	0.0641		384.9900	666	3
770.205220	4.04e-22	0.0709		287.9270	666	3
770.338790	1.63e-22	0.0597		584.2685	666	3
770.845410	3.07e-22	0.0635		405.1617	666	3
770.987610	3.93e-22	0.0701		300.5317	666	3
771.023070	1.46e-22	0.0596		612.8845	666	3
771.586190	2.87e-22	0.0629		426.1742	666	3
771.710800	1.3e-22		0.0596		642.3356	666	3
771.766180	3.81e-22	0.0693		313.9766	666	3
772.322480	2.67e-22	0.0623		448.0276	666	3
772.378520	1.16e-22	0.0596		672.6441	666	3
772.540910	3.68e-22	0.0685		328.2617	666	3
773.054240	2.47e-22	0.0618		470.7220	666	3
773.058560	1.02e-22	0.0597		703.7795	666	3
773.286820	3.71e-22	0.0638		290.2686	666	3
773.311750	3.54e-22	0.0678		343.3870	666	3
773.781350	2.27e-22	0.0613		494.2574	666	3
774.078690	3.39e-22	0.0670		359.3524	666	3
774.087880	3.64e-22	0.0740		298.6721	666	3
774.503780	2.09e-22	0.0609		518.6337	666	3
774.841660	3.23e-22	0.0662		376.1580	666	3
774.885280	3.57e-22	0.0732		307.9159	666	3
775.221380	1.9e-22		0.0605		543.8513	666	3
775.600650	3.07e-22	0.0655		393.8037	666	3
775.679000	3.49e-22	0.0725		317.9998	666	3
775.934160	1.73e-22	0.0602		569.9099	666	3
776.355590	2.9e-22		0.0648		412.2894	666	3
776.469030	3.41e-22	0.0717		328.9240	666	3
776.641880	1.57e-22	0.0599		596.8097	666	3
777.106450	2.73e-22	0.0641		431.6153	666	3
777.255330	3.32e-22	0.0709		340.6882	666	3
777.344670	1.41e-22	0.0597		624.5507	666	3
777.853170	2.56e-22	0.0635		451.7811	666	3
778.037900	3.22e-22	0.0701		353.2925	666	3
778.042090	1.26e-22	0.0596		653.1332	666	3
778.595720	2.39e-22	0.0629		472.7870	666	3
778.734560	1.13e-22	0.0596		682.5568	666	3
778.816690	3.12e-22	0.0693		366.7368	666	3
779.334040	2.22e-22	0.0623		494.6328	666	3
779.421200	1e-22		0.0596		712.8222	666	3
779.591690	3e-22		0.0685		381.0211	666	3
780.068080	2.06e-22	0.0618		517.3185	666	3
780.362870	2.88e-22	0.0678		396.1453	666	3
780.797790	1.89e-22	0.0613		540.8442	666	3
781.130200	2.76e-22	0.0670		412.1094	666	3
781.180690	2.94e-22	0.0624		357.5026	666	3
781.523100	1.74e-22	0.0609		565.2097	666	3
781.893650	2.62e-22	0.0662		428.9133	666	3
781.978130	2.87e-22	0.0732		366.7466	666	3
782.243960	1.58e-22	0.0605		590.4150	666	3
782.653180	2.49e-22	0.0655		446.5569	666	3
782.771900	2.79e-22	0.0725		376.8308	666	3
782.960320	1.44e-22	0.0602		616.4601	666	3
783.408770	2.35e-22	0.0648		465.0401	666	3
783.561990	2.72e-22	0.0717		387.7551	666	3
783.672100	1.3e-22		0.0599		643.3450	666	3
784.160390	2.21e-22	0.0641		484.3630	666	3
784.348370	2.64e-22	0.0709		399.5194	666	3
784.379240	1.17e-22	0.0597		671.0695	666	3
784.907990	2.07e-22	0.0635		504.5254	666	3
785.081690	1.05e-22	0.0596		699.6337	666	3
785.131030	2.55e-22	0.0701		412.1237	666	3
785.651540	1.93e-22	0.0629		525.5272	666	3
785.909940	2.46e-22	0.0693		425.5680	666	3
786.391000	1.79e-22	0.0623		547.3683	666	3
786.685090	2.37e-22	0.0685		439.8520	666	3
787.126340	1.65e-22	0.0618		570.0488	666	3
787.456450	2.27e-22	0.0678		454.9758	666	3
787.857510	1.52e-22	0.0613		593.5684	666	3
788.223990	2.17e-22	0.0670		470.9393	666	3
788.584460	1.39e-22	0.0609		617.9271	666	3
788.987700	2.06e-22	0.0662		487.7423	666	3
789.106040	2.22e-22	0.0612		431.6020	666	3
789.307170	1.27e-22	0.0605		643.1247	666	3
789.747550	1.95e-22	0.0655		505.3848	666	3
789.899830	2.16e-22	0.0725		441.6866	666	3
790.025580	1.16e-22	0.0602		669.1613	666	3
790.503500	1.84e-22	0.0648		523.8667	666	3
790.689940	2.1e-22		0.0717		452.6112	666	3
790.739640	1.04e-22	0.0599		696.0366	666	3
791.255550	1.73e-22	0.0641		543.1879	666	3
791.476350	2.03e-22	0.0709		464.3759	666	3
792.003640	1.62e-22	0.0635		563.3482	666	3
792.259050	1.96e-22	0.0701		476.9805	666	3
792.747770	1.51e-22	0.0629		584.3476	666	3
793.038010	1.89e-22	0.0693		490.4249	666	3
793.487890	1.4e-22		0.0623		606.1860	666	3
793.813220	1.81e-22	0.0685		504.7091	666	3
794.223970	1.29e-22	0.0618		628.8631	666	3
794.584660	1.73e-22	0.0678		519.8329	666	3
794.955990	1.19e-22	0.0613		652.3789	666	3
795.352310	1.65e-22	0.0670		535.7962	666	3
795.683910	1.09e-22	0.0609		676.7333	666	3
796.116150	1.57e-22	0.0662		552.5990	666	3
796.876150	1.48e-22	0.0655		570.2410	666	3
797.054760	1.61e-22	0.0601		512.5187	666	3
797.632300	1.39e-22	0.0648		588.7223	666	3
797.844860	1.56e-22	0.0717		523.4439	666	3
798.384560	1.31e-22	0.0641		608.0426	666	3
798.631270	1.51e-22	0.0709		535.2090	666	3
799.132930	1.22e-22	0.0635		628.2019	666	3
799.413960	1.45e-22	0.0701		547.8141	666	3
799.877370	1.14e-22	0.0629		649.2000	666	3
